0 0.454544 0.468889 0.012620 0.042741
0 0.348099 0.575167 0.014531 0.077815
0 0.319977 0.559319 0.014536 0.077806
0 0.301948 0.544056 0.014531 0.077815
0 0.406568 0.474056 0.012615 0.058370
0 0.515281 0.522111 0.012615 0.042741
0 0.489099 0.500352 0.012615 0.053000
0 0.478367 0.494833 0.012620 0.042741
0 0.466349 0.487204 0.012615 0.042741
0 0.438018 0.457426 0.012620 0.050333
0 0.429648 0.466815 0.012620 0.051556
0 0.383505 0.424630 0.012615 0.042741
0 0.373203 0.422556 0.012615 0.051556
0 0.408401 0.404792 0.012615 0.042750
0 0.400031 0.403269 0.012615 0.042741
0 0.420635 0.434167 0.012615 0.042741
0 0.406469 0.439130 0.012615 0.042741
0 0.428576 0.423870 0.012620 0.042741
0 0.445958 0.501704 0.012615 0.042741
0 0.262888 0.369306 0.012620 0.042741
0 0.777237 0.719000 0.019682 0.067556
