0 0.404641 0.452861 0.010875 0.054870
0 0.443349 0.441051 0.010875 0.042861
0 0.429922 0.431546 0.010875 0.042852
0 0.420797 0.419505 0.010875 0.042861
0 0.414023 0.451917 0.010870 0.054870
0 0.384833 0.426454 0.010875 0.054870
0 0.373109 0.421352 0.010875 0.054870
0 0.397604 0.415333 0.010875 0.054870
0 0.478135 0.493630 0.010875 0.054870
0 0.487516 0.499653 0.010875 0.054880
0 0.514099 0.521426 0.010875 0.054870
0 0.558401 0.564519 0.010875 0.054870
0 0.567781 0.564056 0.010875 0.054870
0 0.574036 0.550153 0.010875 0.054880
0 0.646615 0.730634 0.020000 0.077620
