0 0.452789 0.465755 0.014380 0.058935
0 0.442807 0.465227 0.014385 0.058935
0 0.467617 0.493977 0.010651 0.046472
0 0.477521 0.500986 0.010646 0.046472
0 0.487951 0.501250 0.010651 0.046463
0 0.580018 0.567968 0.018995 0.068509
0 0.559971 0.620773 0.014734 0.093824
0 0.546945 0.634157 0.015557 0.090204
0 0.423438 0.423644 0.014385 0.058935
0 0.429992 0.448273 0.014380 0.058935
0 0.418966 0.484829 0.014380 0.058935
0 0.403745 0.493495 0.014385 0.058935
0 0.358742 0.407213 0.012047 0.052944
0 0.408919 0.406324 0.012047 0.052944
