0 0.605612 0.659079 0.024766 0.083324
0 0.558896 0.625292 0.017062 0.083324
0 0.577409 0.553736 0.016328 0.083324
0 0.332549 0.502500 0.014589 0.059444
0 0.320742 0.491009 0.014589 0.059444
0 0.428576 0.427852 0.014589 0.059444
0 0.451435 0.469815 0.014589 0.059444
0 0.468492 0.500843 0.011276 0.039759
0 0.459336 0.495435 0.011276 0.039759
0 0.501482 0.508250 0.011276 0.039759
0 0.507581 0.523778 0.011276 0.039759
0 0.513961 0.512194 0.011276 0.039759
0 0.524081 0.528213 0.011276 0.039759
0 0.545289 0.543000 0.011276 0.039759
0 0.409013 0.446389 0.011276 0.039759
0 0.388492 0.446389 0.011276 0.039759
0 0.379758 0.440722 0.011276 0.039759
0 0.367695 0.424454 0.011276 0.039759
0 0.358268 0.410898 0.011276 0.039759
0 0.391544 0.413852 0.011276 0.039759
0 0.400555 0.390685 0.011276 0.039759
0 0.305451 0.418537 0.011276 0.039759
0 0.318620 0.390685 0.011281 0.039759
0 0.299487 0.385259 0.011276 0.039759
