0 0.385888 0.411083 0.012641 0.048148
0 0.783620 0.674435 0.020385 0.076315
0 0.374432 0.573287 0.018635 0.068241
0 0.404557 0.513171 0.018635 0.068250
0 0.306250 0.457745 0.015104 0.065120
0 0.316323 0.467144 0.011917 0.046324
0 0.579646 0.571417 0.018635 0.068241
0 0.552167 0.556384 0.018635 0.068250
0 0.503034 0.507523 0.018255 0.054491
0 0.481357 0.500023 0.018255 0.054491
0 0.460924 0.488120 0.018255 0.054481
0 0.450357 0.482486 0.018255 0.054491
0 0.442253 0.463699 0.018255 0.054491
0 0.451589 0.452741 0.014427 0.038815
0 0.426927 0.468375 0.014375 0.065102
0 0.410198 0.407329 0.014375 0.065102
0 0.435208 0.427384 0.014375 0.047546
0 0.421633 0.443981 0.012641 0.048148
0 0.393286 0.421111 0.012635 0.048148
0 0.400331 0.419231 0.012641 0.048148
