0 0.369586 0.447454 0.009693 0.063889
0 0.351893 0.550671 0.012557 0.071528
0 0.337344 0.580347 0.012552 0.071528
0 0.279424 0.434537 0.009693 0.063889
0 0.267729 0.436806 0.009698 0.063889
0 0.270299 0.430722 0.009693 0.063889
0 0.381852 0.448981 0.009693 0.063889
0 0.433206 0.444917 0.009693 0.063889
0 0.456318 0.475861 0.009698 0.063889
0 0.448328 0.494630 0.009698 0.063889
0 0.470867 0.487292 0.009693 0.054213
0 0.466018 0.497917 0.009693 0.033426
0 0.501258 0.501481 0.011682 0.048148
0 0.487414 0.501731 0.011682 0.048148
0 0.422081 0.447963 0.011682 0.048148
0 0.410797 0.451782 0.010802 0.054769
0 0.403820 0.451782 0.011682 0.056806
0 0.408669 0.403329 0.011682 0.048157
0 0.398685 0.404343 0.011682 0.048148
0 0.601974 0.628259 0.021656 0.083111
0 0.520651 0.529139 0.012240 0.042500
0 0.642760 0.752806 0.025937 0.093278
0 0.737906 0.855759 0.027375 0.083111
