0 0.577880 0.555486 0.019052 0.079583
0 0.333789 0.499194 0.012734 0.074759
0 0.323997 0.495574 0.012734 0.074759
0 0.420081 0.517398 0.012734 0.074759
0 0.430013 0.502972 0.012734 0.074759
0 0.427664 0.431417 0.012734 0.074759
0 0.408979 0.434454 0.012740 0.074759
0 0.385706 0.422500 0.012734 0.074759
0 0.399263 0.395546 0.012734 0.074759
0 0.306273 0.413880 0.012734 0.032019
0 0.349021 0.377403 0.007271 0.044620
0 0.332643 0.380171 0.007266 0.044620
0 0.453396 0.473444 0.009396 0.052741
0 0.459052 0.493403 0.009396 0.038472
0 0.468766 0.498995 0.009396 0.032991
0 0.502609 0.508667 0.009396 0.052741
0 0.526419 0.532852 0.009401 0.036259
0 0.511688 0.524778 0.009396 0.033426
0 0.513286 0.500130 0.009396 0.033426
0 0.546810 0.546444 0.011745 0.039519
0 0.749719 0.695079 0.013604 0.073176
0 0.737411 0.695523 0.013604 0.073176
