0 0.456500 0.442421 0.015813 0.052750
0 0.390990 0.414769 0.009896 0.024352
0 0.393112 0.459875 0.008568 0.050435
0 0.406201 0.456343 0.009068 0.056574
0 0.399539 0.463194 0.009068 0.034352
0 0.414846 0.452116 0.009068 0.047250
0 0.429826 0.439662 0.009068 0.036417
0 0.415669 0.409676 0.009068 0.029722
0 0.499133 0.514435 0.009068 0.029722
0 0.486620 0.484000 0.009073 0.029722
0 0.487607 0.510046 0.009068 0.029722
0 0.365682 0.485917 0.017490 0.070019
0 0.427292 0.477130 0.012708 0.062778
0 0.370576 0.426759 0.008578 0.045185
0 0.363979 0.421667 0.008583 0.045185
0 0.423737 0.406741 0.008578 0.045185
0 0.433789 0.411565 0.007943 0.033167
