0 0.324794 0.579394 0.013849 0.072509
0 0.301969 0.542704 0.013844 0.072519
0 0.383604 0.425093 0.009771 0.046852
0 0.372875 0.421481 0.009771 0.046852
0 0.364995 0.416167 0.009771 0.046852
0 0.250896 0.374148 0.009771 0.046852
0 0.243016 0.375111 0.009771 0.046852
0 0.226987 0.414231 0.009766 0.046852
0 0.406292 0.401194 0.009771 0.046852
0 0.397326 0.407472 0.009766 0.046852
0 0.405747 0.474370 0.009766 0.057000
0 0.483172 0.495375 0.009771 0.057009
0 0.467146 0.491028 0.009771 0.057000
0 0.493495 0.504551 0.009771 0.057009
0 0.520661 0.523389 0.009771 0.057000
0 0.455193 0.473157 0.009771 0.057000
0 0.439161 0.457704 0.009771 0.057000
0 0.430198 0.469296 0.009771 0.057000
0 0.418516 0.440796 0.009771 0.057000
0 0.428568 0.429208 0.009771 0.057009
0 0.447583 0.485231 0.009771 0.057000
0 0.745188 0.704977 0.022563 0.085972
0 0.646990 0.754986 0.022563 0.104843
