0 0.611401 0.662769 0.017740 0.085093
0 0.452177 0.497838 0.014354 0.051602
0 0.463438 0.487597 0.014354 0.051602
0 0.493000 0.498606 0.014354 0.051602
0 0.433313 0.435037 0.014354 0.051593
0 0.427115 0.450556 0.014354 0.051593
0 0.473010 0.441546 0.014354 0.051593
0 0.463438 0.440542 0.014354 0.051602
0 0.366016 0.421023 0.009844 0.051602
0 0.354755 0.421023 0.009844 0.051602
0 0.416698 0.427032 0.009844 0.051602
0 0.424583 0.419023 0.009844 0.051602
0 0.409661 0.408009 0.009844 0.051593
0 0.401776 0.407009 0.009844 0.051593
0 0.311958 0.399500 0.009844 0.051593
0 0.359260 0.394495 0.009844 0.051602
0 0.351375 0.390991 0.009844 0.051593
0 0.367427 0.390991 0.009844 0.051593
