0 0.581089 0.560491 0.016969 0.072352
0 0.426453 0.434653 0.010135 0.048565
0 0.390362 0.467301 0.010130 0.058546
0 0.372937 0.442398 0.010135 0.051870
0 0.330003 0.507403 0.010130 0.059083
0 0.322846 0.493824 0.010130 0.061796
0 0.304799 0.417778 0.010130 0.032593
0 0.358937 0.441847 0.010135 0.051880
0 0.367339 0.428569 0.010135 0.051880
0 0.354893 0.432444 0.010130 0.051870
0 0.397206 0.398148 0.010130 0.051870
0 0.355513 0.402574 0.010130 0.051870
0 0.363914 0.370491 0.010130 0.051870
0 0.326891 0.378787 0.010135 0.051870
0 0.444807 0.498542 0.010135 0.046898
0 0.458612 0.488644 0.010130 0.046898
0 0.466669 0.495042 0.010130 0.046898
0 0.487583 0.504185 0.010135 0.046889
0 0.504724 0.525509 0.010135 0.030463
0 0.543122 0.544412 0.010130 0.046898
0 0.658654 0.726662 0.022828 0.104824
