0 0.658982 0.722319 0.032547 0.105917
0 0.726086 0.711903 0.017411 0.105917
0 0.713771 0.732935 0.024313 0.105907
0 0.580841 0.554722 0.017411 0.082593
0 0.428594 0.432653 0.012396 0.063824
0 0.459453 0.494282 0.010885 0.042269
0 0.466865 0.499630 0.007417 0.034630
0 0.488039 0.504231 0.012224 0.039870
0 0.505250 0.525472 0.010500 0.034630
0 0.360372 0.440120 0.009807 0.058463
0 0.331289 0.507120 0.013255 0.058463
0 0.263320 0.419028 0.009807 0.058463
0 0.318380 0.392727 0.007406 0.048046
0 0.310474 0.387685 0.007073 0.048333
0 0.301870 0.387671 0.008448 0.049602
0 0.295852 0.391500 0.006734 0.053556
0 0.284484 0.374694 0.008094 0.042519
0 0.275542 0.362273 0.008104 0.044713
0 0.306599 0.417944 0.010333 0.037370
0 0.399766 0.393028 0.009813 0.058463
0 0.359846 0.385977 0.009807 0.051769
0 0.544388 0.546421 0.011016 0.045306
