0 0.410547 0.448667 0.010156 0.047481
0 0.400682 0.448667 0.010156 0.047481
0 0.388000 0.417977 0.010156 0.047491
0 0.393638 0.432380 0.010151 0.047481
0 0.398568 0.411088 0.010156 0.047491
0 0.604479 0.641889 0.016875 0.078815
0 0.585630 0.640296 0.016875 0.081333
0 0.580349 0.725778 0.016875 0.090667
0 0.419870 0.461852 0.010156 0.055000
0 0.460219 0.496259 0.010156 0.055000
0 0.444365 0.469954 0.010156 0.055000
0 0.455990 0.461801 0.010156 0.037491
0 0.432391 0.448968 0.010156 0.051880
0 0.378844 0.458060 0.010156 0.051880
0 0.370036 0.458685 0.010156 0.051870
0 0.414422 0.410778 0.010156 0.047481
