0 0.674500 0.633690 0.012406 0.059546
0 0.915367 0.787347 0.021464 0.087343
0 0.445852 0.479579 0.012411 0.059546
0 0.453161 0.466171 0.012406 0.059546
0 0.440141 0.434898 0.012406 0.059556
0 0.455677 0.416616 0.012406 0.059546
0 0.547523 0.556755 0.012411 0.059546
0 0.570029 0.633741 0.023599 0.080296
0 0.397643 0.589653 0.023599 0.080306
0 0.306253 0.605491 0.023599 0.080296
0 0.404094 0.409468 0.012406 0.059546
0 0.400529 0.426375 0.012411 0.059546
0 0.389831 0.421208 0.012411 0.059546
0 0.679034 0.678264 0.020776 0.088472
