0 0.657404 0.728736 0.025432 0.105306
0 0.408026 0.469255 0.016885 0.064454
0 0.426354 0.432778 0.010135 0.050926
0 0.330404 0.502625 0.010130 0.059009
0 0.321716 0.495231 0.010130 0.059000
0 0.458841 0.495384 0.010130 0.043917
0 0.485659 0.502282 0.010130 0.043917
0 0.505115 0.525940 0.010135 0.028176
0 0.581414 0.556528 0.012411 0.072500
0 0.542513 0.547278 0.010130 0.043926
0 0.371768 0.414977 0.010130 0.043917
0 0.401799 0.392819 0.010130 0.043917
0 0.356659 0.414310 0.010130 0.043917
0 0.303773 0.416657 0.010130 0.043926
0 0.285263 0.364949 0.010130 0.043917
0 0.277708 0.361593 0.010135 0.043926
0 0.268076 0.363940 0.010130 0.043917
0 0.328326 0.378718 0.010130 0.043917
0 0.330026 0.404907 0.010135 0.043926
