0 0.415609 0.417037 0.012531 0.035111
0 0.394190 0.458213 0.011130 0.052185
0 0.404544 0.458606 0.011536 0.053713
0 0.429443 0.480218 0.012531 0.057898
0 0.416102 0.453898 0.010432 0.050944
0 0.413378 0.438310 0.008214 0.044028
0 0.372206 0.430255 0.008214 0.046713
0 0.362466 0.423588 0.008214 0.048935
0 0.370534 0.402782 0.008214 0.022787
0 0.316419 0.402954 0.008214 0.053167
0 0.290130 0.399727 0.008177 0.046713
0 0.430357 0.440056 0.012526 0.035111
0 0.431747 0.414315 0.012526 0.035111
0 0.455885 0.441778 0.014063 0.051444
0 0.483083 0.499148 0.014063 0.051444
0 0.492943 0.508380 0.010781 0.038241
0 0.506865 0.516361 0.010781 0.038241
0 0.544586 0.553074 0.011672 0.055333
