0 0.580005 0.554310 0.012615 0.075083
0 0.527591 0.532824 0.012609 0.038778
0 0.500898 0.510361 0.012609 0.038778
0 0.515076 0.510361 0.012609 0.038778
0 0.506646 0.521940 0.012615 0.038769
0 0.469224 0.498556 0.012615 0.038778
0 0.460922 0.492426 0.012615 0.038778
0 0.449810 0.471773 0.012609 0.045157
0 0.428352 0.428264 0.012609 0.050324
0 0.408682 0.441787 0.012615 0.050333
0 0.400508 0.398875 0.012609 0.050324
0 0.390419 0.419764 0.012609 0.050324
0 0.332560 0.505602 0.012609 0.063056
0 0.275664 0.492667 0.012609 0.063056
0 0.265708 0.490611 0.012615 0.063056
0 0.237229 0.507074 0.012615 0.063056
0 0.237229 0.507074 0.012615 0.063056
0 0.249732 0.505019 0.012609 0.063056
0 0.249732 0.505019 0.012609 0.063056
0 0.322898 0.497606 0.012609 0.063065
0 0.306227 0.418995 0.012609 0.036694
0 0.299049 0.384194 0.012609 0.049500
0 0.359711 0.386880 0.012609 0.049500
