0 0.478367 0.497889 0.010870 0.051037
0 0.459911 0.487968 0.010875 0.051028
0 0.442526 0.472125 0.010875 0.061306
0 0.403250 0.479199 0.010875 0.057157
0 0.385005 0.427685 0.010875 0.051037
0 0.372130 0.424250 0.010875 0.051037
0 0.406682 0.402884 0.010875 0.051028
0 0.419990 0.418148 0.010875 0.051037
0 0.430292 0.432644 0.010875 0.051028
0 0.414195 0.454773 0.010870 0.051028
0 0.405182 0.444097 0.010875 0.036528
0 0.575589 0.555884 0.010875 0.054880
0 0.569797 0.573625 0.010875 0.077380
0 0.557562 0.574199 0.010875 0.077380
0 0.513135 0.524037 0.010875 0.051037
0 0.489526 0.500560 0.010875 0.051028
