0 0.429659 0.436569 0.011828 0.040009
0 0.360966 0.485986 0.017453 0.067065
0 0.427578 0.478625 0.013906 0.062065
0 0.392786 0.457269 0.009010 0.052315
0 0.405078 0.455935 0.009219 0.056648
0 0.398409 0.465611 0.007349 0.038963
0 0.391083 0.425407 0.009219 0.056648
0 0.456409 0.442269 0.015016 0.054389
0 0.433234 0.422083 0.010719 0.043056
0 0.414635 0.452616 0.008479 0.046435
0 0.414922 0.425889 0.008479 0.021370
0 0.415859 0.412389 0.008479 0.021370
0 0.415109 0.400046 0.008479 0.021370
0 0.423370 0.405213 0.008479 0.041056
0 0.487000 0.486616 0.008479 0.022324
0 0.498635 0.514509 0.009979 0.029685
0 0.488312 0.507333 0.009979 0.037370
0 0.369500 0.426875 0.009219 0.052917
0 0.362141 0.423278 0.009219 0.052667
