0 0.317234 0.455597 0.012406 0.059546
0 0.399695 0.590222 0.013068 0.076759
0 0.306526 0.600056 0.018365 0.085444
0 0.307628 0.455588 0.012411 0.059546
0 0.328602 0.402606 0.012411 0.059546
0 0.409630 0.444602 0.012406 0.059556
0 0.392630 0.423014 0.012406 0.059546
0 0.381370 0.418301 0.012406 0.059546
0 0.424865 0.424588 0.012406 0.059546
0 0.415370 0.408495 0.012406 0.059546
0 0.404552 0.404569 0.012406 0.059546
0 0.509646 0.509755 0.012406 0.059546
0 0.547177 0.554111 0.012406 0.059556
0 0.617604 0.686204 0.030521 0.100000
0 0.693115 0.693444 0.026542 0.090148
