0 0.454727 0.469079 0.010818 0.054509
0 0.281076 0.382176 0.011714 0.046296
0 0.259195 0.403694 0.011714 0.046296
0 0.260130 0.468231 0.012656 0.064463
0 0.390948 0.546046 0.012656 0.064463
0 0.321117 0.563019 0.012661 0.070259
0 0.304352 0.543565 0.012661 0.070259
0 0.384435 0.424787 0.010818 0.054500
0 0.373721 0.423560 0.010818 0.054509
0 0.368133 0.421903 0.010818 0.054509
0 0.405841 0.401213 0.010818 0.054500
0 0.400721 0.402870 0.010818 0.054500
0 0.479398 0.349898 0.010818 0.054500
0 0.489174 0.500528 0.010818 0.054500
0 0.478935 0.498046 0.010818 0.054500
0 0.466365 0.488944 0.010812 0.054500
0 0.520367 0.522875 0.010818 0.054509
0 0.434706 0.519963 0.010818 0.037148
0 0.396466 0.464319 0.010818 0.058583
0 0.405313 0.457787 0.010812 0.054500
0 0.414161 0.452394 0.010813 0.054509
0 0.428065 0.424528 0.010818 0.054500
0 0.420987 0.435315 0.010818 0.054500
0 0.438289 0.447199 0.010818 0.037361
0 0.441070 0.478569 0.010818 0.049176
0 0.432083 0.474389 0.010812 0.054500
