0 0.435911 0.436764 0.010521 0.057528
0 0.608003 0.620264 0.022849 0.084472
0 0.587393 0.622773 0.022849 0.084472
0 0.398570 0.585194 0.022849 0.084463
0 0.417396 0.450222 0.010521 0.057519
0 0.458813 0.490000 0.010521 0.057519
0 0.451766 0.468079 0.010521 0.057528
0 0.443661 0.464324 0.010521 0.057519
0 0.427104 0.443028 0.010521 0.057519
0 0.406318 0.443028 0.010521 0.057519
0 0.400682 0.443028 0.010521 0.057519
0 0.388708 0.427370 0.010521 0.057519
0 0.410193 0.401389 0.010521 0.046852
0 0.401036 0.396685 0.010521 0.046852
0 0.424286 0.416116 0.010521 0.024269
0 0.964505 0.848250 0.024635 0.092019
