0 0.405943 0.405602 0.011469 0.050963
0 0.387177 0.512167 0.022937 0.076907
0 0.457284 0.485991 0.015120 0.065315
0 0.319159 0.398657 0.011464 0.050963
0 0.370240 0.423204 0.011469 0.050963
0 0.383010 0.428769 0.011469 0.050963
0 0.405161 0.450079 0.011469 0.050972
0 0.413763 0.453787 0.011464 0.050963
0 0.420799 0.441741 0.011464 0.050963
0 0.439563 0.439889 0.011469 0.050963
0 0.417411 0.413944 0.011469 0.050963
0 0.395260 0.419963 0.011469 0.050963
0 0.268604 0.378269 0.011469 0.050963
0 0.477091 0.500116 0.011464 0.050972
0 0.489602 0.501509 0.011464 0.050963
0 0.510188 0.491986 0.011469 0.059731
0 0.516703 0.521431 0.011469 0.059731
0 0.556443 0.572144 0.014865 0.068491
0 0.566219 0.571005 0.014865 0.068491
0 0.574557 0.558032 0.014865 0.068491
0 0.701357 0.659472 0.025526 0.081426
0 0.642581 0.666907 0.025526 0.081426
0 0.648052 0.735009 0.025531 0.081426
