0 0.333245 0.502685 0.013729 0.059944
0 0.323695 0.493926 0.013724 0.059944
0 0.390831 0.440352 0.013724 0.059944
0 0.411122 0.456792 0.013724 0.059935
0 0.427232 0.433454 0.013724 0.059944
0 0.414404 0.402157 0.013724 0.059944
0 0.400378 0.389426 0.013724 0.059944
0 0.401570 0.428681 0.013724 0.059935
0 0.381878 0.442472 0.013724 0.059944
0 0.369646 0.444065 0.013729 0.059944
0 0.359203 0.444593 0.013729 0.059944
0 0.306091 0.417792 0.013724 0.039287
0 0.355776 0.385991 0.011052 0.043019
0 0.365357 0.394333 0.011047 0.043019
0 0.413549 0.547815 0.018349 0.070852
0 0.459036 0.494449 0.011823 0.041676
0 0.469224 0.495106 0.011823 0.041676
0 0.486380 0.505060 0.011823 0.041676
0 0.517339 0.524282 0.011823 0.041676
0 0.504755 0.525440 0.009031 0.032731
0 0.580464 0.555102 0.017594 0.074796
