0 0.264945 0.426481 0.010818 0.068704
0 0.353779 0.555032 0.010818 0.068713
0 0.337266 0.577315 0.015365 0.074815
0 0.593797 0.612727 0.017073 0.084917
0 0.643344 0.743824 0.019917 0.094019
0 0.277471 0.430514 0.010818 0.054509
0 0.434841 0.449750 0.017078 0.067167
0 0.378990 0.450352 0.017073 0.067167
0 0.423536 0.451537 0.017073 0.067167
0 0.412234 0.451537 0.017073 0.067167
0 0.406914 0.450352 0.017078 0.067167
0 0.364362 0.450352 0.017078 0.067167
0 0.500667 0.507093 0.017073 0.067167
0 0.486703 0.500000 0.017073 0.067167
0 0.471250 0.485389 0.008948 0.040352
0 0.520490 0.525657 0.008948 0.040352
0 0.531487 0.537241 0.008943 0.040352
0 0.465914 0.497421 0.008943 0.040343
0 0.447802 0.494148 0.012583 0.052630
0 0.455326 0.472806 0.012589 0.052630
0 0.419078 0.448185 0.012583 0.052630
0 0.406044 0.404741 0.012589 0.052630
0 0.400344 0.404741 0.012583 0.052630
0 0.425396 0.414139 0.008906 0.036722
