0 0.357000 0.501273 0.018917 0.079269
0 0.175234 0.556718 0.015781 0.073602
0 0.396276 0.464644 0.014010 0.069231
0 0.382719 0.469958 0.014010 0.069231
0 0.301693 0.462440 0.014010 0.069231
0 0.586701 0.577685 0.018922 0.079259
0 0.334805 0.503148 0.018922 0.079259
0 0.353490 0.419523 0.009781 0.054880
0 0.359820 0.416727 0.009786 0.054880
0 0.382365 0.418606 0.009781 0.054880
0 0.410547 0.404829 0.009781 0.054880
0 0.394034 0.414611 0.009786 0.054870
0 0.419573 0.417745 0.009781 0.054880
0 0.426617 0.449838 0.009786 0.054880
