0 0.375620 0.423361 0.010802 0.022241
0 0.620370 0.649324 0.021656 0.083111
0 0.619523 0.616102 0.015922 0.069426
0 0.656875 0.770282 0.023958 0.103880
0 0.736904 0.856778 0.029953 0.083111
0 0.390833 0.529398 0.013958 0.062315
0 0.403250 0.522523 0.013958 0.062324
0 0.401255 0.449991 0.013958 0.062315
0 0.388130 0.468250 0.013958 0.062315
0 0.371583 0.454046 0.013958 0.062315
0 0.363594 0.454046 0.013958 0.062315
0 0.353323 0.466222 0.013958 0.062315
0 0.408672 0.449481 0.013958 0.062315
0 0.421510 0.448981 0.013958 0.062315
0 0.433495 0.469269 0.013958 0.062315
0 0.467729 0.489556 0.013958 0.062315
0 0.484849 0.498685 0.013958 0.062315
0 0.497401 0.501222 0.013958 0.062315
0 0.456604 0.442380 0.013958 0.062315
0 0.447188 0.437315 0.013958 0.062315
0 0.438193 0.514398 0.010802 0.034907
0 0.406388 0.404852 0.010807 0.034907
0 0.413234 0.404852 0.010802 0.034907
0 0.423508 0.403833 0.010807 0.034907
0 0.433779 0.422093 0.010807 0.034907
0 0.421797 0.424120 0.010802 0.034907
0 0.411810 0.426157 0.010807 0.034907
0 0.571010 0.603167 0.021656 0.083111
0 0.385865 0.431861 0.010802 0.022241
