0 0.443172 0.434620 0.009812 0.039241
0 0.517560 0.520736 0.015005 0.046287
0 0.545289 0.547412 0.015005 0.064435
0 0.559669 0.567977 0.015005 0.064435
0 0.580716 0.570569 0.015005 0.064435
0 0.474016 0.496657 0.015000 0.052944
0 0.387852 0.444250 0.009818 0.061500
0 0.377943 0.448685 0.009813 0.061500
0 0.368565 0.449056 0.009818 0.061500
0 0.355852 0.440898 0.009818 0.061500
0 0.409831 0.407569 0.013151 0.055602
0 0.425247 0.429241 0.009818 0.053000
0 0.442339 0.482398 0.009813 0.061500
0 0.450674 0.465352 0.009818 0.061500
0 0.433586 0.442579 0.009818 0.048546
