0 0.418339 0.427375 0.010802 0.046954
0 0.424245 0.437264 0.010802 0.046954
0 0.408094 0.454542 0.010802 0.046954
0 0.398891 0.508102 0.010802 0.071944
0 0.401495 0.488815 0.010802 0.071944
0 0.470089 0.493440 0.010802 0.056509
0 0.483807 0.500852 0.010802 0.056519
0 0.495964 0.501782 0.010802 0.056509
0 0.547531 0.572343 0.010135 0.069815
0 0.542159 0.583282 0.010130 0.069824
0 0.518096 0.526310 0.012755 0.041139
0 0.651740 0.766019 0.024417 0.089815
0 0.735568 0.860569 0.030406 0.069824
0 0.266299 0.461722 0.010130 0.069815
