0 0.405615 0.446505 0.013073 0.036528
0 0.380714 0.421380 0.013073 0.052426
0 0.391307 0.423028 0.013073 0.052426
0 0.304979 0.402602 0.013073 0.052426
0 0.540997 0.587079 0.013068 0.076769
0 0.289523 0.377880 0.013068 0.052426
0 0.549828 0.556060 0.013073 0.067324
0 0.306568 0.600917 0.020635 0.090944
0 0.364260 0.560176 0.020635 0.090944
0 0.382385 0.499074 0.014396 0.065000
0 0.372724 0.500657 0.014396 0.065000
0 0.403573 0.480176 0.014396 0.065000
0 0.511161 0.512389 0.014396 0.056074
0 0.426797 0.430296 0.014396 0.065000
0 0.415755 0.409824 0.013073 0.052426
0 0.405615 0.407500 0.013073 0.052426
