0 0.428346 0.437176 0.013047 0.058241
0 0.414219 0.422537 0.011302 0.021296
0 0.413828 0.408648 0.011302 0.021296
0 0.408411 0.415343 0.009427 0.043019
0 0.312607 0.463102 0.012557 0.058056
0 0.302065 0.464074 0.011141 0.059222
0 0.437875 0.447375 0.014042 0.060565
0 0.411573 0.453060 0.014042 0.060565
0 0.366818 0.449440 0.014042 0.060565
0 0.376260 0.551491 0.014042 0.051278
0 0.386581 0.526810 0.014339 0.058991
0 0.421307 0.494648 0.016667 0.069074
0 0.456740 0.475185 0.016667 0.069074
0 0.625161 0.615759 0.016667 0.088889
