0 0.333568 0.503009 0.016302 0.063426
0 0.322589 0.496481 0.016302 0.063426
0 0.305458 0.413616 0.016302 0.040176
0 0.267352 0.409667 0.016307 0.063426
0 0.403328 0.394083 0.016302 0.063426
0 0.430505 0.429444 0.016302 0.063426
0 0.447245 0.473028 0.016302 0.063426
0 0.386250 0.421019 0.007917 0.049444
0 0.466677 0.500676 0.006385 0.026685
0 0.458719 0.491861 0.007854 0.040907
0 0.504557 0.511014 0.012760 0.040898
0 0.515578 0.515565 0.012760 0.040907
0 0.580568 0.555208 0.019052 0.079583
0 0.547216 0.549833 0.014005 0.046815
0 0.650099 0.654171 0.019052 0.079583
