0 0.406255 0.477690 0.012615 0.054991
0 0.333401 0.579556 0.017573 0.071815
0 0.301724 0.542148 0.014594 0.071815
0 0.382859 0.425185 0.008552 0.040185
0 0.318474 0.557792 0.017573 0.071806
0 0.438023 0.461250 0.011120 0.052759
0 0.465273 0.485676 0.011120 0.052759
0 0.479654 0.496741 0.011120 0.052759
0 0.491888 0.500944 0.011120 0.052759
0 0.516138 0.519259 0.011120 0.052759
0 0.447034 0.492926 0.011120 0.052759
0 0.453685 0.469657 0.011120 0.052759
0 0.419133 0.436463 0.011120 0.052759
0 0.428146 0.464315 0.011125 0.052759
0 0.429003 0.430352 0.011120 0.052759
0 0.757161 0.705657 0.016094 0.067574
0 0.406253 0.443514 0.011120 0.040176
0 0.406469 0.400977 0.011125 0.040176
0 0.399385 0.404028 0.011125 0.040185
0 0.372016 0.418926 0.010031 0.049370
0 0.364404 0.417000 0.010036 0.049370
0 0.254732 0.370833 0.010036 0.049370
0 0.243573 0.377704 0.010031 0.049370
0 0.647406 0.753509 0.023875 0.099093
