0 0.356495 0.516551 0.022563 0.085972
0 0.321568 0.561375 0.022563 0.085972
0 0.300557 0.543162 0.022563 0.085972
0 0.399958 0.471958 0.013365 0.066824
0 0.386438 0.426431 0.013104 0.049583
0 0.373568 0.422241 0.013104 0.049574
0 0.363589 0.419440 0.013104 0.049583
0 0.406922 0.403565 0.013104 0.049574
0 0.399568 0.405435 0.013104 0.049574
0 0.487284 0.494144 0.013099 0.049583
0 0.479406 0.496009 0.013104 0.049574
0 0.466273 0.487606 0.013099 0.049583
0 0.454193 0.467995 0.013104 0.049583
0 0.449203 0.496009 0.013104 0.049574
0 0.440799 0.478269 0.013099 0.049574
0 0.437385 0.457259 0.013104 0.049574
0 0.421365 0.433444 0.013104 0.049574
0 0.427667 0.420375 0.013104 0.049583
0 0.432008 0.430176 0.009151 0.026241
0 0.518797 0.524958 0.013104 0.049583
0 0.643740 0.751296 0.028000 0.092593
0 0.201938 0.491449 0.014042 0.066176
0 0.174464 0.512949 0.014042 0.066176
0 0.270602 0.373889 0.011714 0.046296
0 0.243831 0.392111 0.011714 0.046296
