0 0.423109 0.405843 0.010365 0.049352
0 0.430578 0.441389 0.010365 0.033889
0 0.434401 0.418509 0.010365 0.033889
0 0.404870 0.455727 0.010365 0.058917
0 0.391940 0.417593 0.009870 0.036111
0 0.414510 0.422222 0.010042 0.019444
0 0.415641 0.452792 0.010042 0.046639
0 0.499193 0.517190 0.010042 0.032713
0 0.487380 0.484287 0.010042 0.026537
0 0.361964 0.423759 0.010365 0.049352
0 0.394448 0.458343 0.010365 0.049352
0 0.370130 0.428843 0.010365 0.049352
0 0.456635 0.442903 0.015573 0.063269
0 0.427974 0.475949 0.015573 0.063269
0 0.361693 0.482995 0.015573 0.063269
