0 0.356193 0.462773 0.014073 0.062787
0 0.363477 0.421157 0.009214 0.046574
0 0.395135 0.457745 0.009625 0.056917
0 0.405609 0.457755 0.009625 0.056917
0 0.414156 0.451884 0.009625 0.056917
0 0.427362 0.477093 0.010797 0.059704
0 0.487745 0.504699 0.013979 0.028361
0 0.498240 0.515745 0.010500 0.034194
0 0.486969 0.482116 0.013979 0.028361
0 0.457464 0.443083 0.013979 0.054889
0 0.433961 0.413565 0.009641 0.033093
0 0.415708 0.415981 0.009646 0.033093
0 0.429500 0.440306 0.009646 0.033093
0 0.370182 0.430972 0.009219 0.046574
