0 0.883643 0.792926 0.022099 0.072074
0 0.430180 0.431528 0.009880 0.044352
0 0.417932 0.419500 0.009885 0.044352
0 0.407247 0.401894 0.009880 0.044361
0 0.397346 0.419963 0.009880 0.044352
0 0.384836 0.423671 0.009880 0.044361
0 0.331930 0.430620 0.009880 0.044352
0 0.380664 0.462588 0.009880 0.044361
0 0.406206 0.452394 0.009880 0.044361
0 0.412721 0.454713 0.009880 0.044352
0 0.279029 0.430620 0.009880 0.044352
0 0.443737 0.438477 0.009880 0.036991
0 0.285281 0.375949 0.009885 0.044361
0 0.275378 0.376412 0.009880 0.044361
0 0.464841 0.485755 0.009880 0.044361
0 0.478393 0.495944 0.009880 0.044352
0 0.487516 0.499190 0.009885 0.044361
0 0.513315 0.480657 0.009880 0.044352
0 0.522437 0.460269 0.009885 0.044352
0 0.518789 0.524208 0.009880 0.044361
0 0.567664 0.572370 0.012724 0.070259
0 0.555273 0.575639 0.012724 0.070259
0 0.575862 0.553861 0.012724 0.070259
0 0.820320 0.725727 0.022099 0.072065
