0 0.474130 0.494963 0.011615 0.040222
0 0.388669 0.468597 0.012536 0.055991
0 0.396164 0.468338 0.012536 0.055991
0 0.428878 0.433551 0.012536 0.055991
0 0.414508 0.410718 0.012536 0.055991
0 0.404112 0.400935 0.012536 0.055981
0 0.405029 0.442792 0.012536 0.055991
0 0.360388 0.428657 0.012536 0.055981
0 0.632057 0.600139 0.015885 0.070648
0 0.583284 0.590639 0.015891 0.070648
0 0.745802 0.747713 0.029625 0.101056
0 0.685570 0.792551 0.021349 0.087509
0 0.723320 0.785782 0.021349 0.087509
0 0.509148 0.509398 0.014964 0.048426
