0 0.334219 0.503671 0.011823 0.063324
0 0.324609 0.495125 0.011823 0.063324
0 0.348406 0.456477 0.011823 0.063324
0 0.380901 0.419866 0.011823 0.063324
0 0.323240 0.386921 0.011823 0.063324
0 0.305625 0.416806 0.013229 0.036019
0 0.400565 0.391389 0.010505 0.039259
0 0.428036 0.430856 0.010510 0.049028
0 0.441766 0.471546 0.010510 0.049870
0 0.458469 0.493093 0.010510 0.049870
0 0.463961 0.493500 0.010505 0.049870
0 0.503089 0.508546 0.010510 0.049870
0 0.577914 0.555130 0.018745 0.083630
0 0.513719 0.517106 0.013917 0.051065
0 0.530083 0.534162 0.011438 0.030787
0 0.541638 0.542514 0.007974 0.049046
0 0.774010 0.809185 0.018750 0.110519
0 0.747232 0.818523 0.024255 0.110509
0 0.716578 0.687537 0.024260 0.110519
0 0.728018 0.665981 0.024255 0.110519
