0 0.633753 0.729185 0.023234 0.104963
0 0.581768 0.558440 0.015318 0.075583
0 0.565609 0.606023 0.015313 0.075583
0 0.556919 0.608338 0.015318 0.075583
0 0.543234 0.634208 0.015313 0.095657
0 0.425505 0.434380 0.013156 0.058944
0 0.400516 0.426056 0.013156 0.058944
0 0.370323 0.420653 0.013156 0.058935
0 0.357505 0.425676 0.013156 0.058944
0 0.334263 0.502139 0.013161 0.058944
0 0.321880 0.491324 0.013156 0.058944
0 0.306677 0.414083 0.013156 0.039648
0 0.458734 0.490551 0.013156 0.039639
0 0.466339 0.497889 0.013156 0.039648
0 0.487406 0.502139 0.013156 0.039648
0 0.430602 0.518727 0.013807 0.048102
0 0.506307 0.522218 0.013156 0.039639
0 0.505656 0.359634 0.013156 0.039639
0 0.331221 0.380491 0.013161 0.039648
0 0.356203 0.377014 0.013156 0.039639
0 0.280820 0.359250 0.009672 0.039648
0 0.271378 0.373361 0.008599 0.041611
0 0.257154 0.363111 0.008370 0.039648
